253.6797210693
250.7989349365
250.6745269775
248.9727630615
253.4446014404
242.5366485596
234.3451263428
206.7277008057
244.0797637939
239.4766693115
241.0163604736
250.8788299561
208.0003143311
251.0374786377
248.0619598389
249.7557342529
247.7400970459
249.1462493896
243.5787078857
238.6217926025
226.4355194092
253.2106231689
249.8550323486
255.2970245361
253.8771759033
233.3715484619
251.8272979736
212.6673248291
230.6048980713
222.6530609131
231.6652191162
179.6467132568
213.5861175537
248.7787322998
248.4386077881
220.4742095947
229.6199066162
199.9822784424
223.9074127197
248.0767974854
245.6388580322
245.6069000244
244.7417510986
253.1444244385
244.9140960693
226.0680023193
254.4900848389
240.0507720947
254.0244110107
220.9113494873
229.6039276123
219.2883392334
214.7069305420
227.3851287842
237.1346038818
244.3342864990
216.4246734619
224.6995147705
224.4312957764
247.9341278076
224.1801971436
243.8240997314
237.5648956299
249.0811920166
251.4620635986
208.8141021729
233.5735687256
237.5454925537
241.4751861572
225.6171661377
255.6588348389
224.9220794678
255.5880706787
203.4930938721
197.6653228760
256.0457550049
224.2863433838
235.1292388916
251.5773406982
256.1382049561
139.7391510010
214.8941131592
220.6488372803
255.8391693115
213.8566192627
228.8551971436
257.2122222900
235.2570709229
250.5592498779
237.0421539307
242.8128570557
246.4788970947
232.3797088623
198.3398651123
247.4125274658
257.0900970459
247.4604644775
238.7667449951
245.6959259033
237.6265289307
251.7234344482
250.4405487061
254.6624298096
238.7439178467
256.0183624268
245.1845977783
251.1116668701
242.4750152588
254.9089630127
245.5327117920
237.1026458740
244.1105804443
240.7333038330
189.7340301514
246.4206878662
208.1121673584
227.7515045166
257.1026519775
256.6540985107
256.7454071045
232.1445892334
248.7170989990
231.9996368408
234.7092193604
238.2873748779
245.3546600342
257.1540130615
240.7515655518
223.1837921143
221.3096832275
223.2317291260
203.0924774170
248.9716217041
253.1113250732
242.0424407959
224.6458709717
249.2364166260
256.3025604248
248.0847869873
225.0898590088
257.2658660889
256.5194183350
250.7977935791
244.5477203369
257.0569976807
241.5002960205
250.0091156006
250.7064849854
248.3210479736
239.9286468506
254.8918426514
239.5040618896
252.1514434814
254.7206390381
247.1659942627
255.3609405518
239.2860626221
239.0509429932
251.9996429443
249.5788238525
248.5367645264
235.9772674561
253.2756805420
250.9404632568
254.1647979736
239.5622711182
248.6440521240
231.3593353271
256.9576995850
238.3433013916
227.7640594482
244.2133026123
246.9776702881
218.2930755615
238.1915008545
244.8855621338
243.8457855225
255.9304779053
249.1793487549
237.7018585205
255.8003631592
242.3414764404
233.3452972412
214.7982391357
250.0958587646
244.1916168213
256.3915863037
238.9950164795
247.9409759521
251.8706695557
255.8517242432
254.0814788818
224.1836212158
236.0514556885
227.5312225342
248.4728485107
250.1300994873
244.8490386963
251.7177276611
242.6245330811
216.0548736572
247.6716156006
249.8459014893
249.1861968994
252.2473175049
214.2538116455
217.2761260986
231.2509063721
255.9658599854
248.9225433350
255.4967620850
254.3633941650
247.1271881104
256.2135345459
244.0101409912
257.1642852783
246.2597564697
243.9838897705
253.3293243408
212.7460784912
229.1508087158
250.8662750244
237.9860565186
248.9202606201
246.9308746338
247.3246429443
249.0423858643
225.5954803467
249.9486236572
224.7542999268
240.3669281006
248.9373809814
215.6234405518
236.7716522217
238.8169647217
235.2262542725
243.6563201904
253.5256378174
221.9808013916
256.6803497314
235.0949981689
252.0167633057
252.4493377686
243.2888031006
249.1964691162
236.9930755615
251.9117584229
219.7814056396
250.9644317627
246.4104156494
220.9661346436
243.7864349365
216.3847259521
250.4896270752
254.5060638428
252.7769073486
170.3720428467
234.1020172119
249.8070953369
216.2260772705
240.6340057373
236.6244171143
253.0474090576
249.6370330811
253.5884124756
240.2984466553
249.4669708252
239.7426055908
236.9188873291
248.9191192627
233.7059661865
203.1963409424
244.4244537354
241.1715850830
232.1434478760
231.9939300537
252.2267730713
255.3107208252
246.3248138428
257.2247772217
234.6395965576
245.9527313232
240.9079315186
256.6963287354
255.2787628174
228.2320159912
249.5605621338
252.7289703369
221.4500701904
236.4669097900
202.4750030518
256.4646331787
248.6805755615
222.5240875244
221.3895782471
250.4439727783
257.2373321533
236.6883331299
254.8655914307
217.4667327881
252.6513580322
227.1888153076
246.0314849854
254.8964080811
245.1389434814
254.2732269287
226.9856536865
250.4085906982
238.3022125244
213.4742645264
234.8530303955
253.6306427002
245.1195404053
215.6394195557
250.2967376709
221.1088043213
228.6486114502
252.9675140381
202.7683319092
254.7423248291
241.5425262451
246.4629180908
155.2912872314
254.0997406006
247.4730194092
246.9285919189
243.5513153076
251.2315093994
250.2613555908
220.9353179932
249.5788238525
236.9451385498
245.4265655518
243.7476287842
257.2122222900
254.4079071045
255.6451385498
249.7568756104
245.8397369385
246.0623016357
223.8959991455
231.0580169678
219.6433013916
234.8861297607
224.1493804932
249.2375579834
190.3788970947
230.4211395264
233.4172027588
227.1169097900
238.4791229248
231.3479217529
250.1974395752
233.8748870850
248.7696014404
243.5752838135
249.5639862061
156.6164031982
247.6556365967
238.3558563232
254.4581268311
240.3646453857
241.8826507568
204.9346282959
229.9566070557
221.1053802490
252.0099151611
253.7470611572
243.7305084229
245.5349945068
256.7123077393
189.4852142334
255.5857879639
239.7174957275
209.8150726318
243.3755462646
238.8420745850
243.2636932373
225.0955657959
252.5360809326
249.1953277588
254.8587432861
213.0804962158
245.8374542236
255.7786773682
257.0718353271
249.0172760010
240.5415557861
224.7531585693
240.8622772217
236.8698089600
254.6989532471
234.5813873291
244.9631744385
228.4682769775
236.0206390381
239.0988800049
213.0348419189
236.1907012939
248.7581878662
229.0503692627
257.2179290771
251.1641693115
220.6488372803
235.4511016846
242.5001251221
240.5598175049
255.0196746826
247.6579193115
228.6588836670
241.0608734131
245.5338531494
233.6226470947
249.5365936279
239.3750885010
245.0293731689
241.0985382080
235.6029022217
235.9669952393
244.3639617920
245.8808258057
245.4939056396
200.5929046631
241.4923065186
251.2794464111
233.1763763428
247.6910186768
225.9025054932
243.0091705322
236.5137054443
220.6750885010
256.7008941650
244.8661590576
248.0528289795
250.0467803955
235.6268707275
234.5026336670
248.4808380127
231.0705718994
257.1437408447
255.7067718506
245.4550994873
251.8250152588
251.2258026123
253.7082550049
251.2189544678
249.7523101807
206.9845062256
193.5735565186
235.3666412354
251.5362518311
251.0066619873
247.3531768799
240.5426971436
238.4688507080
250.2602142334
226.5485137939
249.5400177002
206.9982025146
216.8675201416
241.0323394775
257.3469024658
239.5280303955
243.3207611084
247.2801300049
234.0186981201
250.9244842529
233.4183441162
243.9759002686
257.3263580322
242.5994232178
253.6774383545
245.2633514404
257.0649871826
232.1137725830
241.4888824463
221.2069610596
252.7928863525
248.5264923096
241.2012603760
252.7358184814
255.5355682373
227.1123443604
211.9574005127
223.0765045166
223.6551727295
222.4419097900
245.4299896240
251.1139495850
254.9899993896
244.8730072021
244.2669464111
231.3650421143
252.3215057373
187.0335784912
208.5618621826
226.2266510010
255.7044891357
231.7085906982
227.1751190186
256.0868438721
243.8389373779
251.7668060303
255.0778839111
243.4348968506
232.4538970947
253.5701507568
234.7594390869
218.9813140869
246.8669586182
237.6310943604
247.9820648193
249.1930450439
249.8185089111
257.0159088135
143.8548858643
257.1882537842
179.0475006104
253.2220367432
218.1618194580
222.3129364014
250.4222869873
257.0181915283
243.1917877197
256.8504119873
237.0741119385
219.9594573975
247.5061187744
246.7254302979
228.9179718018
222.1405914307
198.1937713623
208.8449188232
255.7421539307
193.1957672119
236.3847320557
250.9427459717
246.5827606201
256.0160797119
243.6574615479
251.0831329346
244.6162017822
252.6639129639
225.4025909424
249.6792633057
251.9539886475
233.4605743408
250.0787384033
252.9846343994
245.6673919678
250.1689056396
226.4937286377
237.2099334717
255.5218719482
251.6275604248
257.0364532471
252.7358184814
237.2202056885
242.1725555420
246.6295562744
248.6406280518
254.3770904541
251.7930572510
228.3484344482
256.8116058350
243.5307708740
212.1559967041
236.2842926025
235.4294158936
233.5427520752
255.7444366455
253.4115020752
226.3362213135
249.9634613037
239.5588470459
227.3520294189
230.3492340088
222.5891448975
240.3144256592
255.4933380127
247.7606414795
222.9235626221
255.4043121338
246.0314849854
243.4383209229
230.4405426025
244.3514068604
218.4231903076
241.9922210693
238.8831634521
220.6659576416
238.3809661865
240.6146026611
252.9195770264
226.7014556885
240.5929168701
253.0200164795
235.5743682861
238.8238128662
252.3488983154
257.3023895264
256.0594512939
234.6818267822
231.7120147705
251.3079803467
182.8516448975
213.3304534912
241.7936248779
250.7943695068
228.9316680908
232.6228179932
210.5215728760
239.6056427002
256.7910614014
235.3324005127
254.6943878174
252.0373077393
235.1657623291
257.2110809326
249.5788238525
256.6951873779
237.2179229736
256.0971160889
245.2850372314
252.2484588623
255.4773590088
212.0646881104
252.4550445557
245.6514129639
242.0401580811
223.0023162842
220.9912445068
255.6417144775
237.1186248779
242.0093414307
247.4490509033
223.5090789795
253.4343292236
243.4953887939
254.0152801514
224.4997772217
236.7282806396
211.8866363525
241.8883575439
255.7284576416
251.0477508545
251.0135101318
251.9300201416
231.4768951416
256.6152923584
251.1835723877
254.5962310791
246.1193695068
196.1815582275
238.4254791260
237.8342559814
235.3118560791
254.4387237549
232.8682098389
231.2349273682
257.2932586670
255.1726165771
255.9259124756
250.9815521240
247.9055938721
179.4663787842
243.3538604736
237.8182769775
207.5631744385
236.5764801025
223.5581573486
232.8100006104
246.9856597900
256.1062469482
237.9267059326
245.8477264404
254.1716461182
199.9115142822
240.2676300049
256.5799102783
202.6804473877
253.9057098389
256.6917633057
247.1374603271
250.5718048096
256.9942230225
236.7762176514
252.0738311768
248.5607330322
225.4082977295
255.6565521240
229.1199920654
184.8946746826
212.3112213135
256.4634918213
255.3084381104
234.3519744873
255.1600616455
241.2994171143
180.0267852783
172.0532623291
253.8726104736
246.0976837158
242.9783538818
257.2692901611
252.2187835693
183.2454132080
202.7786041260
204.1699188232
208.9807403564
254.5836761475
257.2955413818
249.4315887451
215.0493377686
213.9878753662
245.4208587646
249.8093780518
243.4463104248
256.1907073975
237.5728851318
250.7430084229
249.6610015869
255.0094024658
239.5006378174
256.5513763428
244.7360443115
226.8315704346
256.4988739014
239.6147735596
225.5007476807
248.4397491455
242.4578948975
215.0927093506
252.1126373291
250.5638153076
231.4437957764
231.7051666260
234.6658477783
257.2533111572
251.6652252197
234.9922760010
215.6325714111
253.0907806396
254.4227447510
246.7425506592
247.3942657471
208.3940826416
254.9089630127
219.3237213135
256.3436492920
245.3763458252
252.9252838135
248.7650360107
256.1907073975
234.8598785400
254.6943878174
240.0838714600
246.1330657959
240.0907196045
254.9489105225
230.5101654053
247.9558135986
237.4964141846
247.0141937256
253.0280059814
224.7177764893
245.8545745850
183.2408477783
250.6905059814
245.9903961182
253.8908721924
250.3298370361
151.6480743408
250.0022674561
237.3879852295
204.4655303955
229.4395721436
257.3446197510
228.9556365967
202.8288238525
208.9910125732
245.8203338623
256.8070404053
239.6901031494
246.3316619873
238.8044097900
239.7757049561
248.2902313232
220.8314544678
250.3401092529
243.2054840088
246.2757354736
221.1841339111
252.6547821045
251.3753204346
236.6689300537
255.4830657959
244.1744964600
235.2296783447
242.6838836670
235.7101898193
257.1654266357
250.6014801025
254.2070281982
240.7424346924
253.1524139404
247.3052398682
256.4703399658
215.9589996338
245.5566802979
231.7485382080
253.3087799072
257.0330291748
255.6702484131
232.4995513916
256.0583099365
254.4878021240
219.3282867432
246.8133148193
158.0933197021
242.3460418701
254.7366180420
214.3553924561
222.9018768311
248.3518646240
255.3951812744
255.2605010986
254.3006195068
255.9886871338
240.8280364990
226.2814361572
243.7681732178
145.5509429932
254.3257293701
247.4079620361
252.0601348877
255.3757781982
244.7417510986
233.8360809326
229.9645965576
220.2733306885
248.5276336670
246.7973358154
244.8364837646
230.7875152588
238.0727996826
234.5163299561
253.2163299561
248.5995391846
247.5106842041
252.6216827393
251.7873504639
243.9542144775
221.9157440186
248.7330780029
254.0666412354
255.0561981201
250.0570526123
239.2769317627
255.4579559326
246.6980377197
218.4414520264
234.4912200928
244.6869659424
227.3748565674
246.0896942139
252.8225616455
246.0668670654
248.4089324951
247.9546722412
254.9922821045
250.8742645264
234.2355560303
190.1894317627
251.8124603271
252.0110565186
253.1889373779
210.7441375732
255.7490020752
234.4364349365
236.4440826416
255.6108978271
206.6512298584
256.4988739014
211.5716217041
247.1842559814
223.2568389893
247.8976043701
249.3779449463
243.7430633545
252.1605743408
247.3988311768
244.4701080322
252.5634735107
253.2882354736
254.8610260010
249.3482696533
242.3597381592
246.9902252197
227.9364044189
235.9635711670
250.0570526123
251.6891937256
238.6754364014
244.3217315674
215.8037750244
236.5936004639
217.4290679932
214.8667205811
254.0563690186
232.4253631592
229.8995391846
252.3272125244
255.6999237061
242.1896759033
247.9284210205
250.6026214600
237.9997528076
256.0001007080
243.5421844482
216.2466217041
253.0428436279
246.3647613525
231.6971771240
243.1678192139
222.8208404541
241.4146942139
247.7789031982
244.9471954346
254.3736663818
227.1796844482
206.5279632568
242.6758941650
238.9002838135
248.5698638916
248.9624908447
252.6239654541
238.9813201904
254.5825347900
233.5050872803
230.5763641357
251.0351959229
233.3418731689
253.2197540283
233.5005218506
226.4754669189
256.2797332764
210.2704742432
248.5493194580
227.3623016357
255.9909698486
255.7809600830
227.0507110596
254.5562835693
240.0028350830
250.9267669678
245.0658966064
250.1164031982
202.2033599854
236.0092254639
249.8436187744
229.9063873291
209.3630950928
246.4515045166
246.3647613525
255.5515472412
243.1438507080
255.8288970947
248.1646820068
234.1682159424
222.1873870850
234.1237030029
238.2337310791
229.5662628174
245.7826690674
249.5993682861
225.6148834229
242.5708892822
257.0501495361
215.1235260010
244.7143585205
182.8744720459
252.4847198486
243.5262054443
214.3245758057
248.6223663330
240.0564788818
249.3482696533
246.9183197021
246.3533477783
251.0557403564
245.4916229248
234.2515350342
250.5524017334
232.5737396240
228.2822357178
253.2768218994
254.2218658447
237.2453155518
