999
81822672
70041346
69572271
63463761
80789119
44810603
28746791
6374280
48713543
37968958
41271630
70345595
6834720
70950673
60415658
66205970
59373906
64062961
47410790
36251683
18703506
79779195
66561278
89278397
82696342
27267996
74039027
8825048
23462644
15221837
24855259
1430204
9279579
62802653
61659066
13517213
22240782
4400870
16298509
60465854
53001017
52908167
50490081
79494693
50963754
18333204
85477532
39169636
83357060
13843440
22221180
12670687
9865948
19695071
33444004
49390234
10836892
17017041
16770986
60002668
16542916
48043977
34233273
63836484
72595342
7146782
27568961
34196461
42310874
17888573
91037396
17224917
90690431
5337514
3874069
92957422
16638721
29997027
73048347
93419765
151254
9967755
13646423
91929400
9418169
21334565
98987012
30205985
69141793
33275786
45487533
55462019
25837668
4020776
58333592
98336005
58486314
36535830
53164795
34346998
73625683
68697326
86275070
36490742
92821965
51714951
71235807
44664063
87428990
52696695
33385315
48795570
40644179
2501283
55288198
6877111
20091625
98402555
96053504
96531851
25510550
62594230
25310527
29321252
35600063
52192438
98676437
40684623
15668748
14147239
15709937
5221324
63460311
79353300
43630414
16967118
64374167
94253812
60492144
17382553
99272485
95360599
70038259
49962703
98162869
42367325
67119417
69693937
61268540
38911543
87347148
38024875
75345485
86545335
57562153
89585008
37578753
37103090
74732846
65575944
61987690
31408960
80059690
70576586
83992586
38145376
62345989
24445011
97642867
35707978
20105956
49066155
56979573
12001141
35416035
50885896
48102612
92382263
64175624
34488476
91735824
44341827
27228493
9915607
67430656
49010187
94706337
36992079
60021798
74210937
91991084
83613995
16545891
31534596
19852697
61772246
67556972
50785300
73604431
45025216
10620073
59157025
66527571
64201099
75736985
9624867
11352923
24301631
92555851
63290719
90246413
84895460
57438965
93801645
48531365
98730751
54810751
48463144
80290153
8863056
21680575
70298413
35023050
63285873
56832721
58058575
63702348
17867726
66898461
17067844
39844858
63341013
10372883
32791388
36636158
30154251
47611713
81142644
14675042
96190784
29941102
74800707
76566822
46673424
64235948
33187337
74379284
13015828
70670003
55257005
13885220
47947989
10813671
68882349
85550685
77934403
853062
28371290
66388185
10720076
40426501
32530959
79079286
65780822
81422388
39697510
65181144
38520760
33054920
63279800
27766750
5251296
49631847
41618794
25508748
25302344
75651150
89343505
55001855
99057825
29211093
53908150
41029122
96274041
89190800
20624119
65512374
77730794
14256221
32254266
5047314
95081627
62468880
15115929
14209024
68710870
99122586
32643005
87223613
11471719
77405845
19486295
54137065
87370812
51585442
84485250
19272353
68581310
35629253
9223157
29551193
81607860
51534051
10381710
68166803
13993150
21096705
78739801
5129353
86647301
42464839
55415312
365800
83697635
58525651
56827532
47341085
71697827
68039273
13861807
65577724
33101824
52395713
47846864
98986044
85099347
90972036
66209211
53577463
54226176
16289149
24047877
12918314
29603831
16515175
64376715
2591976
23229678
27335065
19410332
35972117
24429867
67803791
28023678
62770080
47403960
65523021
394195
59104592
35731482
85328965
39839332
43252098
5777021
22651638
13991183
74771222
82121944
47803463
52703831
96354979
2467210
90677848
38467973
7549550
46893079
36685923
46611255
17388533
76928075
64232404
87191660
9026828
53570794
91629097
98245211
63618376
40224701
17067274
40928146
32967187
86447390
29117796
51097633
20891246
31482169
37200523
9004022
31773988
62731331
21562150
99021441
71438288
13646760
30524375
44722636
40262951
87955037
59111831
21107637
41371948
52700526
27641993
65424914
37761718
51281392
41456825
30777513
31392085
49469866
53698661
52585573
4551433
42349526
71880426
26980556
59216957
18168699
45972981
32335393
13666015
96300561
50830034
60388699
67254658
30816902
28993690
61800095
24064695
98623889
91271410
52477531
74030681
71674614
81947753
71646538
66193493
6464635
3091997
30385092
72887203
70833017
58145324
40226791
35951219
68032949
18818946
65438893
6469720
11102260
41307231
99710723
38075648
46755694
57917454
28241758
70516654
27337109
48440588
99597773
44965486
81811225
51935059
98207143
25467593
42340976
14068175
77998474
61953746
41687823
77757503
90434529
19405718
8488940
15577183
16076372
15048171
52406451
71241789
87815544
50850111
49210387
24453001
76040995
2154328
7048435
18492068
91261409
24913543
19471887
93163600
48082447
73796974
88228708
47043970
25942355
81341341
29400954
12460209
56638291
34355359
60155231
64222995
66429620
97947018
191289
98859863
1383331
79828060
11915216
14942629
68630668
97960223
46430149
97075448
33332918
13142980
58628790
56207756
21408248
14802690
3988449
7158908
91450401
3028147
32110712
70589025
55773893
92807792
47614257
71123189
50149365
77458910
17680769
65933801
74546543
27399308
67370246
78808577
53081263
67697197
18763480
33579291
90366845
73245050
98055807
77759049
33599065
43938437
55917736
62333520
84957822
73900982
20754369
96874245
47287578
8581746
31936991
30489720
27522477
91461427
80646617
18602718
66951018
38139075
19660635
23139831
15169011
39731001
90230184
59442054
15448503
89798854
54137180
47052664
23254226
49433908
12086474
43511516
36768049
13659823
35779865
40382403
78535797
18976222
40335225
78962803
30729747
36650671
76155334
99473060
93023982
29276748
24917440
71994589
1708685
9151047
43045982
70024484
21423427
26182137
7847309
38236432
96768284
30329654
86426616
74885589
30055692
98981837
65573767
96267703
33594666
93214990
51996044
75740383
90153104
8538531
76592271
53037145
43622652
15514379
13904214
90952456
33414583
43549679
58447466
15948691
80744065
47196926
83315557
16833548
32714041
8455781
43267334
91379166
70988901
70855997
74449106
24601788
95852010
71511002
85969467
54393505
3570054
35866900
34736069
30295286
85241102
26531770
24280087
99423100
88682166
92355305
70735455
59906657
1415927
46838982
34706429
6672907
32445277
15992135
26448371
57004109
93258107
34909435
53603116
84022940
4383850
39630450
95671637
5104750
82826993
96252107
57473167
69189772
97831853
32800035
75031330
62065692
17686731
91024932
21644230
1913679
8654453
95075254
89336878
28758630
88620283
41907655
1460703
937028
82677017
54331827
45896350
99293466
75621043
1746437
5132331
5539566
7212001
85908159
99433531
65056652
10052650
9485799
52379941
66396212
47074362
93686816
34247453
69829839
65867665
87903556
38018901
95522974
50476122
19111810
95254965
38254481
17775689
61664342
44620968
10076654
75190721
69157283
24556990
24908024
29251573
99207377
73395117
29773899
10377741
79263250
85169092
56257258
58274345
6984070
87427988
12695294
94458683
52253995
78556971
62754526
93687481
29561129
86424592
39240075
54434384
39254752
87617510
23342360
60071124
34104739
57089866
78997104
17034710
53622331
1746020
69632209
54016903
82761492
68291736
297731
67091141
33905253
5630272
22022826
99695956
21451670
5146300
7216161
53522898
96849067
38411968
55024029
36610798
38590497
61165747
13782960
68327208
46462450
54856279
14051362
77421654
72252996
32609643
90177320
48964352
30159738
45170049
30957367
98737863
69298083
84180227
40663710
79528103
57995483
95109311
10565016
52765024
24967506
80202307
98038532
91092200
26006676
93016743
85468999
12698445
56475265
428418
44352415
86623471
9678274
15429662
61370438
89753584
89103133
84609829
92673774
40852219
18547628
47899226
210680
84724071
58317917
74974066
89659238
50490527
27963466
22661415
13369795
61957918
56426054
50749540
23696609
35189079
29015027
79800462
62195372
58642613
77281206
73877916
48385940
14623127
62647004
83545334
88127294
67289636
37560433
90054871
56124373
12098240
28975881
50339902
19684068
54309079
78124626
54239820
61560379
60066456
87823333
70327394
28576342
2564986
73978766
74775284
79682982
7943448
91482279
28889819
32213271
90802014
6347672
95256479
8311639
57617352
15731226
59882912
64867311
47834073
75382864
58291808
49752368
77039863
80112540
87207275
64763085
44385545
57016128
20294805
31385767
67290241
73490234
36356328
49355958
10475711
32475467
11448236
9952538
83502822
25902962
22581688
76065920
91237035
43978996
59980914
69302150
35048707
92727757
47316601
10732436
79057887
55122468
24897910
46370257
15362206
42170222
59498057
51055845
84940374
19476023
6304739
45150511
36802689
62096743
63428220
77290968
36963870
85905774
27466164
23426364
70942460
27224379
79815780
27458543
18744890
94135892
7740264
62028533
19671290
92684027
91637862
19340101
85783931
39066782
70528354
51383698
67508213
4972521
31463123
66521911
22589885
7364997
55381398
55120104
90511226
46309262
91876651
60753630
28472690
14840492
28403556
35495660
22175532
53413015
65647298
17887270
44894791
98126874
10093459
50414186
1710894
76714506
47278065
9662118
62272091
39180236
64763857
56795403
55088809
71020412
52580173
28601212
69114960
26112237
20680281
80064319
84250056
33644423
